74892 3.133
74892 7.763
74892 3.98
74892 7.831
74892 6.746
74892 7.917
74892 8.677
74892 7.796
74892 2.98
74892 7.842
74892 2.632
74892 6.972
74892 17.679
76800 3.42
76800 7.963
76800 4.587
76800 7.968
76800 3.829
76800 7.987
76800 9.687
76800 8.008
76800 2.966
76800 7.819
76800 2.784
76800 6.664
76800 16.047
76800 6.766
76800 2.746
76800 6.242
76800 2.408
76800 6.183
76800 15.49
76800 42.739
76800 12.458
76800 44.163
76800 11.89
76800 27.981
76800 10.86
76800 25.439
76800 9.949
76800 20.873
76800 7.914
76800 21.02
76800 9.938
76800 20.97
76800 8.919
76800 20.897
76800 9.601
76800 20.645
76800 9.521
76800 21.148
76800 8.955
76800 21.198
76800 8.973
76800 29.253
76800 9.975
76800 18.807
76800 10.837
76800 16.257
76800 9.034
76800 15.063
76800 9.508
76800 16.799
76800 9.926
76800 16.78
76800 8.812
76800 14.001
76800 9.6
76800 11.131
76800 10.385
76800 11.159
76800 10.426
76800 11.112
76800 8.806
76800 11.345
76800 8.676
76800 11.171
76800 10.907
76800 11.181
76800 9.521
76800 10.075
76800 9.285
76800 10.922
76800 9.462
76800 11.549
76800 10.804
76800 10.396
76800 9.354
76800 10.386
76800 10.527
76800 10.429
76800 10.051
76800 11.368
76800 11.457
76800 11.37
76800 10.364
76800 11.377
76800 11.231
76800 11.337
76800 10.382
76800 12.132
76800 10.705
76800 10.043
76800 10.199
76800 9.542
76800 11.482
76800 9.54
76800 10.43
76800 9.874
76800 10.18
76800 10.159
76800 9.848
76800 10.131
76800 3.39
76800 7.992
76800 4.56
76800 24.352
76800 3.388
76800 7.835
76800 4.056
76800 10.4
76800 5.064
76800 11.052
76800 2.831
76800 11.022
76800 3.763
76800 11.034
76800 5.441
76800 11.042
76800 5.27
76800 11.022
76800 9.472
76800 13.817
76800 9.615
76800 11.095
76800 6.443
76800 5.877
76800 19.745
76800 8.272
76800 7.542
76800 8.282
76800 20.062
76800 8.278
76800 26.165
76800 7.942
76800 32.782
76800 7.754
76800 33.961
76800 3.571
76800 8.655
76800 3.552
76800 9.313
76800 4.242
76800 10.755
76800 6.139
76800 15.684
76800 4.599
76800 8.141
76800 3.984
76800 6.715
76800 4.087
76800 9.823
76800 3.031
76800 6.716
76800 3.058
76800 6.039
76800 3.221
76800 6.608
76800 3.589
76800 7.015
76800 3.037
76800 5.947
76800 3.023
76800 6.262
76800 3.271
76800 3.593
76800 8.626
76800 3.558
76800 3.567
76800 8.598
76800 3.542
76800 3.614
76800 8.706
76800 3.647
76800 8.384
76800 4.507
76800 9.57
76800 5.572
76800 12.41
76800 3.729
76800 8.619
76800 3.431
76800 7.042
76800 2.971
76800 5.773
76800 4.498
76800 5.796
76800 5.363
76800 5.763
76800 4.261
76800 5.8
76800 6.839
76800 5.781
76800 10.281
76800 5.806
76800 10.907
76800 5.799
76800 7.951
76800 16.728
76800 8.168
76800 15.922
76800 12.647
76800 15.956
76800 7.824
76800 16.257
76800 8.003
76800 16.977
76800 11.385
76800 16.855
76800 7.897
76800 17.263
76800 8.359
76800 15.239
76800 9.147
76800 17.099
76800 9.595
76800 16.105
76800 8.452
76800 14.465
76800 8.877
76800 13.436
76800 3.308
76800 13.428
76800 5.123
76800 13.507
76800 9.153
76800 15.153
76800 9.13
76800 15.157
76800 9.298
76800 16.261
76800 9.694
76800 15.785
76800 8.569
76800 14.795
76800 6.835
76800 11.681
76800 7.176
76800 11.529
76800 3.427
76800 5.461
76800 6.109
76800 10.138
76800 4.554
76800 10.165
76800 5.933
76800 10.155
76800 5.715
76800 9.362
76800 5.825
76800 9.387
76800 9.629
76800 14.574
76800 9.4
76800 15.559
76800 9.11
76800 10.59
76800 8.245
76800 13.426
76800 5.11
76800 13.406
76800 8.433
76800 12.194
76800 8.834
76800 13.642
76800 8.144
76800 13.706
76800 10.246
76800 14.789
76800 8.241
76800 12.033
76800 5.139
76800 12.081
76800 3.308
76800 8.369
76800 3.225
76800 7.14
76800 3.305
76800 7.726
76800 3.624
76800 6.922
76800 2.992
76800 6.916
76800 2.938
76800 6.891
76800 6.042
76800 7.182
76800 8.069
76800 7.063
76800 7.644
76800 6.994
76800 7.381
76800 16.987
76800 8.141
76800 15.488
76800 8.888
76800 15.479
76800 7.847
76800 17.319
76800 8.586
76800 15.735
76800 7.917
76800 15.219
76800 8.345
76800 14.862
76800 8.036
76800 16.563
76800 7.129
76800 16.616
76800 8.869
76800 13.49
76800 8.865
76800 12.529
76800 7.236
76800 12.54
76800 8.517
76800 12.67
76800 9.232
76800 12.981
76800 8.135
76800 11.344
76800 8.216
76800 11.357
76800 8.011
76800 11.694
76800 8.558
76800 10.916
76800 9.835
76800 10.959
76800 9.226
76800 11.207
76800 7.246
76800 9.955
76800 6.385
76800 8.061
76800 6.647
76800 8.18
76800 6.418
76800 8.167
76800 8.25
76800 8.193
76800 8.046
76800 8.162
76800 8.414
76800 11.613
76800 9.377
76800 11.833
76800 8.824
76800 11.869
76800 9.735
76800 11.706
76800 8.563
76800 12.56
76800 8.492
76800 12.601
76800 9.077
76800 11.456
76800 8.459
76800 10.42
76800 8.205
76800 10.348
76800 8.067
76800 11.472
76800 7.735
76800 10.611
76800 7.99
76800 10.621
76800 8.844
76800 11.134
76800 8.411
76800 10.454
76800 6.952
76800 10.527
76800 3.359
76800 8.381
76800 2.939
76800 7.496
76800 3.736
76800 10.268
76800 4.44
76800 9.279
76800 2.57
76800 5.696
76800 3.285
76800 5.709
76800 3.88
76800 5.716
76800 8.101
76800 5.699
76800 10.391
76800 5.757
76800 8.338
76800 5.688
76800 7.634
76800 13.859
76800 7.992
76800 14.28
76800 8.484
76800 14.221
76800 7.559
76800 12.874
76800 8.256
76800 13.49
76800 7.869
76800 13.755
76800 8.484
76800 11.303
76800 7.015
76800 11.293
76800 7.72
76800 10.607
76800 8.027
76800 10.993
76800 6.566
76800 10.966
76800 6.769
76800 9.714
76800 7.115
76800 10.619
76800 7.432
76800 10.562
76800 8.503
76800 9.917
76800 7.362
76800 11.22
76800 5.896
76800 8.084
76800 7.306
76800 8.072
76800 7.407
76800 10.655
76800 7.556
76800 10.21
76800 6.773
76800 8.263
76800 5.763
76800 8.268
76800 8.067
76800 10.308
76800 7.948
76800 10.005
76800 6.237
76800 9.042
76800 7.299
76800 10.147
76800 3.87
76800 4.92
76800 4.46
76800 6.776
76800 3.07
76800 3.108
76800 3.015
76800 3.526
76800 2.437
76800 3.527
76800 2.438
76800 3.553
76800 3.269
76800 3.516
76800 5.665
76800 3.51
76800 6.765
76800 9.703
76800 7.538
76800 9.715
76800 7.444
76800 9.488
76800 7.957
76800 9.999
76800 7.277
76800 10.057
76800 7.763
76800 9.999
76800 3.287
76800 8.39
76800 3.235
76800 7.908
76800 3.403
76800 8.668
76800 2.354
76800 2.648
76800 2.712
76800 2.644
76800 2.723
76800 2.606
76800 2.691
76800 2.632
76800 2.695
76800 2.621
76800 5.898
76800 2.608
76800 4.656
76800 4.561
76800 9.785
76800 6.225
76800 10.977
76800 5.866
76800 26.433
76800 8.414
76800 28.309
76800 8.432
76800 25.534
76800 8.461
76800 26.89
76800 7.49
76800 29.492
76800 7.793
76800 31.674
76800 7.811
76800 33.281
76800 7.764
76800 34.739
76800 9.164
76800 47.798
76800 3.659
76800 8.638
76800 5.034
76800 11.18
76800 4.064
76800 9.427
76800 4.179
76800 9.37
76800 5.843
76800 9.378
76800 12.301
76800 9.394
76800 12.935
76800 9.379
76800 12.271
76800 26.622
76800 11.845
76800 25.068
76800 11.612
76800 25.003
76800 11.071
76800 24.823
76800 12.953
76800 23.233
76800 11.187
76800 19.184
76800 9.696
76800 15.919
76800 7.491
76800 15.75
76800 6.899
76800 15.421
76800 7.612
76800 17.126
76800 3.341
76800 17.477
76800 5.819
76800 17.318
76800 9.038
76800 19.377
76800 8.125
76800 17.349
76800 6.01
76800 11.108
76800 5.563
76800 12.206
76800 3.43
76800 6.806
76800 3.152
76800 5.561
76800 3.047
76800 6.455
76800 3.608
76800 6.908
76800 3.54
76800 6.809
76800 3.349
76800 6.987
76800 3.384
76800 6.547
76800 3.03
76800 6.268
76800 3.73
76800 6.572
76800 3.629
76800 6.494
76800 3.505
76800 8.566
76800 3.367
76800 7.397
76800 3.62
76800 6.539
76800 3.383
76800 6.54
76800 3.38
76800 6.537
76800 3.203
76800 6.775
76800 3.68
76800 5.767
76800 3.047
76800 6.245
76800 4.178
76800 6.202
76800 3.112
76800 6.271
76800 3.512
76800 6.194
76800 3.835
76800 6.202
76800 3.786
76800 6.233
76800 3.797
76800 6.253
76800 4.096
76800 6.199
76800 3.894
76800 10.585
76800 4.934
76800 10.645
76800 3.658
76800 8.351
76800 2.871
76800 7.435
76800 3.455
76800 7.353
76800 4.42
76800 6.116
76800 5.488
76800 6.235
76800 5.51
76800 6.23
76800 5.376
76800 6.225
76800 4.474
76800 6.264
76800 4.704
76800 6.189
76800 7.469
76800 6.236
76800 9.352
76800 11.99
76800 10.864
76800 13.263
76800 10.873
76800 11.088
76800 22.129
76800 11.123
76800 17.896
76800 9.363
76800 19.2
76800 10.058
76800 24.679
76800 13.501
76800 33.287
76800 13.326
76800 28.06
76800 15.333
76800 27.228
76800 13.229
76800 28.947
76800 13.272
76800 32.865
76800 12.225
76800 32.604
76800 14.784
76800 48.181
76800 14.784
76800 34.273
76800 15.68
76800 40.537
76800 15.75
76800 36.775
76800 15.76
76800 58.682
76800 15.732
76800 47.518
76800 19.613
76800 49.804
76800 18.444
76800 57.713
76800 18.421
76800 50.949
76800 17.476
76800 50.289
76800 20.041
76800 48.873
76800 19.884
76800 48.675
76800 20.691
76800 50.389
76800 19.39
76800 64.873
76800 19.523
76800 52.118
76800 18.423
76800 50.486
76800 18.814
76800 39.206
76800 18.805
76800 45.768
76800 16.871
76800 48.155
76800 17.962
76800 49.52
76800 18.08
76800 56.903
76800 19.228
76800 53.848
76800 21.116
76800 54.23
76800 21.216
76800 50.164
76800 18.15
76800 55.543
76800 18.212
76800 57.052
76800 18.179
76800 57.714
76800 21.972
150000 7.449
150000 16.933
150000 8.633
